00647
00701
00735
00690
00694
00636
00689
00674
00710
00662
00680
00663
00617
00753
00747
00739
00741
00740
00633
00687
00736
00669
00711
00668
00744
00712
00738
00752
00733
00692
00641
00628
00750
00691
00725
00675
00702
00666
00627
00656
00737
00708
00639
00700
00624
00728
00729
00716
00709
00743
00705
00679
00703
00649
00618
00698
00664
00621
00723
00671
00652
00713
00616
00715
00629
00718
00714
00642
00626
00720
00754
00746
00745
00653
00677
00732
00672
00643
00742
00726
00751
00676
00704
00670
00654
00648
00727
00650
00719
00696
00661
00748
00615
00731
00749
00734
00681
00630
00644
00659
00631
00658
00685
00688
00682
00721
00651
00634
00717
00706
00697
00683
00724
00722
00657
00660
00693
00686
00673
00646
00707
00638
00645
00678
00619
00625
00640
00730
00695
00655
00637
00635
00632
00620
00699
00665
00622
00623
00667
00684
